$ANSIBLE_VAULT;1.1;AES256
62653736303030376264366564316133303566353836326632623637613835336561373264336434
3264613533336435363566373265613839346366373436630a393061383733613466356464346631
65303836613866313062666330646537636463616364396330333836303331646338646231643538
6565333839323065620a363366303362373666386539666463333533303239333465383166626232
63336161313935373336633762306266613062323265363163396462303663656337353262333562
36653836623564376635373632666163616531396136613963613830353064323161363662623632
32323636326163396133323031643235613632353032616163663361626637636139393765636566
34303930313864363664386262613133396335653462343838653866353331333535636131636638
62356531623663623132386636666464633561363563356533633762353766346663373066303438
38376661623565353031353536313837303364643062383033333764363461636534653966663231
30323438376237623430343861653438613232366334396631633564613139386537383062303133
33333861313861643937653365663931373162383966626365653035616436383432393737383765
35633538626336656534376162306636326164373936663262363161366535643332633763663538
36383030366531353438326561303964333533653835353862643036396537313361356632313431
34636236366430363239323334653735663834663730646439326231313564393861353633343734
33666334643332326364613866316234383962336264316133613436383637643031643731633562
66366461663137336165656337353832613835653261663862383835383635303732373063613863
63326437343435366139623232356238306135336535653538303031383263333066663463343139
35393064663565326630623965663732613230636664326534633135616439346563636530316331
30353331626535323464356535653234333061396330373938303063326432363865656532653036
35383139326438383434316630303930356235363130326332393664663633646132363962373933
32393764333230316430396365363062373564613631636165633535353231613533636535333261
32613039373666623361373765613938306164326431353362646639333065303662383763646538
66323035326664663864663032366262313266353761656562356138633431663336303462346139
3361
